50130 2024 10 104 건
50130 2024 11 56 건
50130 2024 12 39 건
50130 2025 1 33 건
50130 2025 2 45 건
50130 2025 3 54 건
50130 2025 4 52 건
50130 2025 5 52 건
50130 2025 6 50 건
50130 2025 7 54 건
50130 2025 8 44 건
50130 2025 9 159 건
50130 2025 10 53 건
50130 2025 11 39 건
50130 2025 12 54 건
50130 2026 1 55 건
50130 2026 2 45 건
50130 2026 3 53 건
50130 2026 4 58 건
50130 2026 5 35 건
50130 2026 6 46 건
50130 2026 7 33 건
50130 2026 8 29 건
50130 2026 9 27 건
50130 2026 10 5 건
28155 2024 10 129 건
28155 2024 11 89 건
28155 2024 12 76 건
28155 2025 1 66 건
28155 2025 2 103 건
28155 2025 3 142 건
28155 2025 4 132 건
28155 2025 5 110 건
28155 2025 6 146 건
28155 2025 7 71 건
28155 2025 8 84 건
28155 2025 9 96 건
28155 2025 10 106 건
28155 2025 11 138 건
28155 2025 12 100 건
28155 2026 1 141 건
28155 2026 2 111 건
28155 2026 3 135 건
28155 2026 4 137 건
28155 2026 5 112 건
28155 2026 6 125 건
28155 2026 7 99 건
28155 2026 8 0건
28155 2026 9 0건
28155 2026 10 0건
41135 2024 10 310 건
41135 2024 11 277 건
41135 2024 12 227 건
41135 2025 1 230 건
41135 2025 2 497 건
41135 2025 3 804 건
41135 2025 4 544 건
41135 2025 5 898 건
41135 2025 6 1432 건
41135 2025 7 251 건
41135 2025 8 368 건
41135 2025 9 1099 건
41135 2025 10 673 건
41135 2025 11 91 건
41135 2025 12 279 건
41135 2026 1 368 건
41135 2026 2 283 건
41135 2026 3 245 건
41135 2026 4 537 건
41135 2026 5 530 건
41135 2026 6 459 건
41135 2026 7 470 건
41135 2026 8 162 건
41135 2026 9 0건
41135 2026 10 0건
11680 2024 10 305 건
11680 2024 11 259 건
11680 2024 12 192 건
11680 2025 1 222 건
11680 2025 2 629 건
11680 2025 3 917 건
11680 2025 4 128 건
11680 2025 5 290 건
11680 2025 6 610 건
11680 2025 7 376 건
11680 2025 8 128 건
11680 2025 9 233 건
11680 2025 10 311 건
11680 2025 11 285 건
11680 2025 12 189 건
11680 2026 1 218 건
11680 2026 2 164 건
11680 2026 3 180 건
11680 2026 4 429 건
11680 2026 5 474 건
11680 2026 6 228 건
11680 2026 7 170 건
11680 2026 8 98 건
11680 2026 9 0건
11680 2026 10 0건
saved G:\내 드라이브\100_AI개발\200_개발\20261009_최근트랜드동향파악하기\06_아파트실거래가\data\trades_all.csv 21791
